0.000000000000000000e+00
6.588001444701204434e+01
-8.018271293171531511e+01
-4.021159125732812356e+01
8.712452665119441519e+01
8.155073995023656153e+01
-7.337545816010435829e+01
-3.354397173204993976e+01
8.366908879586131320e+01
5.183146517777939266e+01
-6.314651777729783078e+01
-4.319075105516620283e+01
7.428713247438039957e+01
8.141721309968545484e+01
6.248972121383611267e+01
5.440089233303550031e+01
-7.411541553006105687e+01
8.248413853133033058e+01
7.039509962694346257e+01
6.633658189088995982e+01
3.994731185088768655e+01
1.171602169698753926e+01
1.225277323757373438e+01
-1.014463068207409435e+01
9.700988628359922927e+00
-9.891717950097236667e+01
4.047679874420830970e+01
7.839546138118771523e+01
-4.021347477358975908e+01
7.960703362073446954e+01
6.152956213187556500e+01
7.523603455312525057e+01
8.213738782589788912e+01
-4.895807498171428307e+01
8.491091398699357740e+01
5.056470070626605207e+01
-5.729326045821914448e+01
8.163298353254508299e+01
8.855514329424336495e+01
7.687769379590136509e+01
9.250278817146578092e+01
8.996952099524925472e+01
8.628068226768206728e+01
5.823810133281757118e+01
3.729253864613850311e+01
-9.044727446072526789e+01
8.426212178598137825e+01
7.659889134507054109e+01
5.667620508589142503e+01
2.673623167575763659e+01
7.121184092296607560e+01
2.272212418261770495e+01
7.389372574892962575e+01
5.714471369522991751e+01
-7.839017500433186569e+00
8.067657790502289572e+01
6.675230821765759970e+01
3.234914138004199913e+01
4.208659360559513374e+01
3.330999854249500913e+01
7.825481177112092723e+01
-3.001294522749262228e+00
6.120663109821695258e+01
-1.157577015913224443e+02
8.073412524704856708e+01
7.315076011809549072e+01
3.001155620006885272e+01
5.898936236758633100e+01
2.771312018840750113e+01
1.287645199444330046e+01
5.477553711536901204e+01
7.357776692573736455e+01
-9.696944406379486736e+01
6.954689706925870496e+01
2.708586405962553556e+01
-8.340131320848632868e+01
-5.626056768479570280e+01
5.075627152926592345e+01
6.517212367269979723e+01
8.810068585262717988e+01
5.980123689648711149e+01
3.622582319247269567e+01
6.499247389711354117e+01
8.667539767802036010e+01
-9.296201724480930295e+01
-1.072931103465251681e+02
6.655011230493340690e+01
6.367258900493958151e+01
3.520943474639148008e+01
6.275991169162762162e+01
7.774425052227823585e+01
4.119549645120913084e+01
7.202619083750001039e+01
4.068735337887645187e+00
3.321557571412935772e+01
5.041692793030501463e+01
7.378677634936985896e+01
3.874433100724578338e+01
8.613751385840238584e+01
6.536068786593324376e+01
5.547304166434017247e+00
6.582727930423027374e+01
7.375809453242924008e+01
-1.105480440970222134e+02
8.702655021455257156e+01
4.816821353697351782e+01
4.896639274801749764e+01
5.714132690547221216e+01
-1.154532027048009581e+02
7.826125251334210020e+01
-7.263530439970401176e+01
7.682564441524036170e+01
6.229867276873810056e+01
6.560280954416435861e+01
8.243760659110223799e+01
-1.268673205014876402e+02
4.554005756383255488e+01
7.425755835267634097e+01
-9.027746239457997035e+00
7.158108524454284805e+01
5.324272877793237058e+01
-1.213526017262906862e+02
6.657622321326707038e+01
6.651417569394777729e+01
6.554671609135712629e+01
8.089908964012380466e+01
6.103004883297111860e+01
-6.486869204758929186e+01
4.841261695669302156e+01
-1.014272448365713473e+02
-1.022364606301538004e+01
3.001197180235631379e+01
7.415520710395611559e+01
4.679588411229947553e+01
3.720609592788640185e+01
6.516751393239711376e+01
2.343992327048155744e+00
-7.232149993372476615e+01
-8.329841490263143555e+01
4.813331920516700535e+01
5.514314609061758432e+01
5.615115739154187224e+01
6.958499549048831057e+01
7.276443796996072422e+01
6.683171891990598112e+01
7.204364816622043577e+01
5.848468388803939888e+01
-6.718992611307614027e+01
-8.354493379259540120e+01
-1.002711827983700204e+02
6.556224419671900705e+01
5.326439424355801577e+01
5.269586814205775482e+01
7.167605073341677269e+01
6.137104142168460186e+01
6.340867953620125519e+01
3.554796296928500965e+01
-8.835453797774188445e+01
-9.191222081556242074e+01
8.485183218135570371e+01
6.291497195444242152e+01
2.988914981395740256e+01
5.559677946721853914e+01
-7.051765352624114769e+01
-1.031868519098972001e+02
2.112585521528950494e+01
-7.785779972841739038e+01
6.023913855872159928e+01
9.033836545659660544e+01
3.675485271171318402e+01
6.935605527405266457e+01
4.459647868095043322e+01
6.133114114090914626e+01
3.778540436355935128e+01
6.620820609010661428e+01
4.657375257128034463e+01
2.800371503813678942e+00
8.477095044760670817e+01
6.813389974560274709e+01
-9.689174680996393363e+01
-8.347380775447187773e+01
5.562256119912836283e+01
7.671969944246647799e+01
-4.771980722693852783e+01
5.584612476132690517e+01
8.905781597933776084e+01
9.484354112487221755e+01
-7.282536695945147187e+01
8.315383711941913703e+01
8.111762783525341547e+01
5.130939104155986286e+01
7.329505143599791950e+01
5.808181030480544393e+01
8.203204477844069231e+01
-6.545483388134137215e+01
-1.142313213310059439e+01
8.045857290747520096e+01
5.643602271234910006e+01
7.568904448965916743e+01
7.709886427724532609e+01
-1.202889455812654518e+02
7.445817460377664077e+01
-7.646110137333448620e+01
7.114794841727459129e+01
6.513691857403551921e+01
1.657589044212808460e+01
6.307482030942496465e+01
-7.552425032756390522e+01
7.986628772697217471e+01
8.860237483973375561e+01
6.292058524712589929e+01
4.783771424924636761e+01
7.535777508709530537e+01
5.694099896128019367e+01
8.502550779531424041e+01
3.592969752550430940e+00
7.642404900367344567e+01
7.547612831169789160e+01
9.053078279618196689e+01
7.655572768976021791e+01
4.972282382460766570e+01
8.861608590425737475e+01
6.030435691570905021e+01
5.617448192478013880e+01
8.892608912429992074e+01
7.580991177902258471e+01
8.532545754157375484e+01
2.746563021489581047e+01
8.868642554841218839e+01
6.307382470936828156e+01
-4.544899490586489321e+01
8.789423359150237047e+01
4.684444466807838126e+01
9.038373226862262300e+01
8.418236683790536290e+01
-9.054347241521450940e+01
4.685405110413172736e+01
8.749663742921630671e+01
6.424896152548143391e+01
7.521922689323906752e+01
-7.672502960013900520e+03
-2.689450096242961081e+03
-4.304337655176829003e+01
7.098075424599359451e+01
-1.405879814308427740e+02
4.769711846090497431e+01
-1.259092954255198862e+02
4.861712049698445526e+01
-4.781583352902177353e+01
1.763122791773496090e+01
6.890344222766300675e+01
6.397763670636694400e+01
-7.443114728141026148e+00
4.631823109942884997e+01
1.486001585196898134e+01
-1.184718242809027089e+02
-1.282379778800647046e+02
-8.943183787377805061e+00
8.594848329962026412e+01
-1.079700108849902023e+02
-9.357324486580797895e+01
-8.827772891620841733e+01
-8.847733361075907510e+01
4.315788811241804979e+01
5.459128697240214478e+01
6.882830619473112677e+01
5.700130331740805190e+01
-8.797394898561030629e+01
6.256387796176958460e+01
5.926956021611305658e+01
7.562972280927039037e+01
5.789997740539725157e+01
5.986788799150299667e+01
-7.100062768216243114e+01
6.914661391437503823e+01
3.425650703868313940e+00
4.172102060091631870e+01
3.905173330257185427e+01
2.018079791363868480e+01
9.322106811057420828e+01
7.041445646859739327e+01
-1.346956596430471507e+02
7.841124099955237625e+01
8.465553497777796110e+01
5.243164175212005773e+01
8.083046112597992305e+01
8.462309325714545594e+01
3.095258631888819423e+01
-8.893485036241428077e+01
6.040953442656014261e+01
8.647852653566121717e+01
7.885588175722160997e+01
8.771789458946308571e+01
5.137404194355236342e+01
8.921383842747300719e+01
-1.022167529768585865e+02
8.785727041957463257e+01
7.331151963414926342e+01
8.536544222234644508e+01
5.816207386729606554e+01
7.282815200044163362e+01
9.280741580551887182e+01
-1.070235578835816597e+02
6.884158596874098635e+01
-4.565375949326163862e+01
4.015243575272184984e+01
6.914402392852953483e+01
8.057264425792801887e+01
-1.195257448599010530e+02
6.647185501893122250e+01
9.120287849548928705e+01
8.293248807161036495e+01
6.138654914927968065e+01
5.941713709859623549e+01
-8.103002810414680823e+01
-9.997165269236727170e+01
2.482213704665105070e+01
7.561736612520722645e+01
7.801611885970423543e+01
5.341868581291181073e+01
-1.135253585240222662e+02
3.853061432949812115e+01
-8.529492804882220014e+01
4.368022851573122978e+01
3.479360913938442934e+01
7.853402148492912715e+01
8.793674353836127011e+01
-6.070863233408418580e+01
8.719897478423979464e+01
8.358478202859299699e+01
4.970612360844528865e+01
8.030981591232280437e+01
8.685981777865643494e+01
7.177091833272768895e+01
8.594384487006774975e+01
5.989473276633344057e+01
7.926887883699092185e+01
6.233673306363284183e+01
-9.520230009211100253e+01
4.671535117976794993e+01
8.588960388045720151e+01
9.298573369618088691e+01
8.311637902347760587e+01
8.982325994193240604e+01
7.253177838964145963e+01
-8.582354084258882665e+01
3.628496116461178644e+01
6.874556594522711350e+01
5.248864785624127194e+01
9.139223089944479739e+01
6.845329092938209214e+01
-6.978522601511703272e+01
7.788634062673524738e+01
8.225579411068719082e+01
8.829672092369077063e+01
7.672090205786655304e+01
7.723871765252673072e+01
-8.490440140655401535e+01
8.647515396577901470e+01
5.364661064252936740e+01
8.724455934345709807e+01
8.769763154270714267e+01
8.831081713273060529e+01
7.250586435847456812e+01
9.262886961127956909e+01
5.782558014668971680e+01
5.767722503426872294e+01
8.325162228709734791e+01
8.206538416818959547e+01
8.059689933346793111e+01
6.451225370831457440e+01
-5.119832944475653846e+01
6.793590751974528530e+01
5.455961654435327546e+01
5.656791286729145440e+01
7.480206683568933101e+01
6.663056097067594408e+01
7.069834421690875104e+01
8.433982454373783355e+01
7.742299846116205231e+01
-7.517610185640859299e+01
-9.333742589529036593e+01
7.515519124022665665e+01
6.821968462917467946e+01
-8.593161209582218873e+01
-7.275404440469702649e+01
-6.773436747509479972e+01
4.978944145315617931e+01
3.855521383851056783e+01
-5.004267846798360608e+01
8.555226516393386760e+01
8.417885254337903689e+01
7.216357532977559686e+01
8.595604662318989142e+01
8.543511384212898463e+01
-7.326339523099416340e+01
-1.054391625779368979e+02
6.708822582814502766e+01
7.126742803657663217e+01
6.396216607564725365e+01
8.613948561262600379e+01
3.861715991131214309e+01
1.927825725769692156e+01
6.010713272075564362e+01
4.007894826018291212e+01
4.657361930572905351e+01
9.139454995751657407e+01
8.098988189792234493e+01
8.075624746673747723e+01
7.500088422995085580e+01
8.219906376089747368e+01
7.923727392806048897e+01
7.785479772672334775e+01
6.875981644386635594e+01
8.213857480292517721e+01
9.025461770949529239e+01
8.523425704046539408e+01
-4.696534320863188583e+01
8.407981257696582134e+01
7.442314839189324971e+01
7.740168520043191336e+01
6.557851362866944100e+01
-7.695942946998583523e+01
7.063773244839056531e+01
4.280748281006593459e+01
7.944852535189484399e+01
8.706745556803495845e+01
8.785681963019348473e+01
8.494786233745490733e+01
7.346311955980866060e+01
6.395937506805943684e+01
9.082405227010168858e+01
8.005533137790439469e+01
8.524445485954531421e+01
8.053900763260836015e+01
5.984949301329788085e+01
-5.877334711686592783e+01
8.846361681749434069e+01
9.498838361302648536e+01
7.986707423132463646e+01
7.151440459953023776e+01
-3.364101563888477386e+01
7.946184344505070385e+01
4.827766412156665865e+01
7.075198482716729131e+01
7.030106457288692923e+01
6.711421720696857562e+01
8.030075544988642378e+01
8.151873031361745348e+01
7.284448985635361851e+01
8.036391357376993483e+01
5.075270973624821380e+01
6.425938407894980742e+01
8.173836592779601062e+01
-5.285336584303256302e+01
8.891413753310307300e+01
6.614385082317548381e+01
6.783399090902568673e+01
6.151128660012677329e+01
6.326833913550058242e+01
8.796609738118250732e+01
9.381086202633761673e+01
4.960071063693119697e+01
5.877192426619105703e+01
1.399512270231829802e+01
4.923360748225305628e+01
5.627645599255627218e+01
7.810534528873624538e+01
8.503999676374456840e+01
8.444952399268576926e+01
8.933728041071087489e+01
8.502909164992442470e+01
7.921188555395384867e+01
7.316323980317763187e+01
8.689431926349350022e+01
8.259765116222844483e+01
7.513136452510599383e+01
7.628267792955941218e+01
8.682474327770098910e+01
7.033394901994155646e+01
3.543940856830765540e+01
-4.955739005163811584e+01
9.510510473763372374e+01
5.575260195064853974e+01
8.416211515624598860e+01
8.961513013118380400e+01
8.953915780190523321e+01
8.130173942505558671e+01
8.380543206588775718e+01
7.284081175775115469e+01
3.879764426869607519e+01
-4.454480155934050600e+01
8.071253627060926306e+01
8.159963061349698421e+01
6.940209034815393352e+01
8.826380462584671704e+01
6.224758461773053853e+01
8.358245889403977458e+01
8.796703186311364675e+01
8.684638398430152506e+01
5.970734883200089627e+01
7.427115396635450395e+01
5.199495312688081583e+01
8.945107715022881223e+01
-5.772256748094955725e+01
8.571421140417388074e+01
5.502915539932932631e+01
8.476507289028261027e+01
8.231530188021719141e+01
8.543555499277472620e+01
8.776769046373598826e+01
3.193795384939646453e+01
-4.697255251550022592e+01
5.676965235698503420e+01
7.877776547558116249e+01
9.273870104913383727e+01
7.183490027729754956e+01
9.018130580781541994e+01
-3.999044293545777862e+01
6.402730899174255796e+01
7.828693912550983214e+01
8.599238159231720147e+01
7.097118172824733051e+01
7.942483676458485320e+01
8.213008727063416359e+01
8.398683759487958866e+01
6.929957297793666271e+01
7.119806520563365382e+01
8.223666563911277194e+01
-4.516074715360763037e+01
9.194826403648326618e+01
9.052187758892334557e+01
5.844816743516276603e+01
8.698195627830105536e+01
7.291623879360412275e+01
9.147538170436882865e+01
9.032604390153900908e+01
-3.355151105780540632e+01
8.856417960697184810e+01
8.852937398349742182e+01
-4.923812846507767915e+01
7.942705566633229353e+01
9.173615276463723944e+01
7.286871817100816884e+01
7.585163156993293399e+01
8.886163825024448215e+01
5.399190448996069591e+01
7.747237268550573219e+01
6.367915141890254205e+01
8.883053550554608080e+01
8.486775999928042324e+01
8.181715491387868155e+01
9.163090150522779709e+01
9.300833099505662460e+01
8.500358105545487319e+01
6.821522602134150759e+01
6.190989946997919446e+01
7.857122138910075648e+01
7.316545224522991475e+01
5.455293310721755518e+01
4.613983920914806447e+01
7.530876372610511282e+01
8.636458440608636522e+01
-6.992468296847479792e+01
7.814951117379641232e+01
7.029728738286729595e+01
8.811816618214952257e+01
-4.125883651273794328e+01
-4.336973686753071178e+01
8.426915354454500573e+01
8.698537858719713256e+01
7.080547879345016327e+01
6.402196187465756338e+01
-4.299635373278791661e+01
6.700843054198918480e+01
8.652823642922234626e+01
8.871197531180590090e+01
7.849405155958930891e+01
9.285420906925845941e+01
8.366299496312120709e+01
9.085825365360147998e+01
7.613588754922440671e+01
7.815825853184794880e+01
8.651646104459257458e+01
7.964459115676521606e+01
7.863006700843668284e+01
8.005242464494844512e+01
8.133359087999687631e+01
8.518432833718810571e+01
8.468681208699807428e+01
8.996507337989130804e+01
8.448779362323537612e+01
6.493585724079670740e+01
-4.425228678397908055e+01
5.841145139606648229e+01
8.155022299550397236e+01
9.099341406034574220e+01
9.150923050312425744e+01
9.130744078494433325e+01
6.998574282404403846e+01
8.769062535863623964e+01
8.853376493086929599e+01
8.544718354252734116e+01
7.522849243932272145e+01
8.598332576937221461e+01
9.034489734636679259e+01
8.992103676481326602e+01
8.816837817580346837e+01
-3.522782103964166822e+01
8.125727013656840825e+01
8.365947322523942375e+01
7.293625507564118493e+01
9.089850371323136358e+01
5.938532329531020082e+01
7.981174649941326038e+01
-2.686944925120952803e+02
8.475790677577364818e+01
8.531937561765221290e+01
-3.571241778716870385e+01
1.682880625297073607e+00
8.520745252670023717e+01
7.666216837095038272e+01
-3.767139402722474983e+01
8.413484561642125925e+01
6.519533234242965136e+01
6.757913049420174900e+01
-4.822813642053300498e+01
8.567039810438436120e+01
8.992673127043494219e+01
8.167886264983908973e+01
9.014100440913499313e+01
9.101575714383605487e+01
8.620013515242276014e+01
7.553177008429230455e+01
7.746610412254797495e+01
7.174035431625949855e+01
-4.258465697641280201e+01
-3.682702341443106775e+01
9.080472271637157178e+01
9.147149658443204601e+01
9.093510149695812572e+01
9.218907927265013313e+01
8.843380404982438847e+01
8.459888425382700916e+01
7.727124211677346466e+01
-3.271838981194125751e+01
7.013280895653576863e+01
8.365084176933994797e+01
8.995671911610467930e+01
9.258398138717568315e+01
8.306744771896818236e+01
6.921695749153036559e+01
8.797834164229416842e+01
7.214356609860357139e+01
8.330813981904093168e+01
8.434023280380748133e+01
7.247617924243769494e+01
8.239240575760990737e+01
8.124996384878298272e+01
9.412879767509454609e+01
7.699810124734035810e+01
8.680149086080763254e+01
9.065294821039583439e+01
-3.570946155502900154e+01
8.350651678962677238e+01
6.036901770565784631e+01
-9.419769728950433318e+01
-1.085868016769313584e+02
-1.237954639625491779e+02
-1.403437462718393931e+02
-8.029266883943800792e+01
-9.648106520466691904e+01
3.159165936908208039e+01
8.634462906430415785e+01
7.761697155494773881e+01
-3.651849656322539772e+01
8.929111424084246096e+01
-4.490024238786084965e+01
-3.632669475092088618e+01
8.371866884295087630e+01
9.082520829487019398e+01
6.656181808700114289e+01
8.941477943262027850e+01
8.366288639417314243e+01
8.620204462407487256e+01
8.317690471189379764e+01
8.469631919308477563e+01
8.155624047319336967e+01
6.724874565502385337e+01
7.559696499332289932e+01
7.904423573187288810e+01
9.379749593917826189e+01
8.976961928317491868e+01
3.620577110582654967e+01
8.748035462335037948e+01
8.058825145237128140e+01
-4.402180529491009509e+01
5.958833723440555019e+01
8.605856570875548073e+01
8.580445598503243332e+01
9.038983959828851766e+01
8.736790015088445216e+01
9.145054275742587890e+01
7.166258779833249548e+01
-6.426146746452492664e+01
7.979189872860013111e+01
8.188106601109802796e+01
9.130148677335620278e+01
8.730784983066698146e+01
9.260090162826564608e+01
8.399393367222630502e+01
8.077047917238030550e+01
8.641772581745985349e+01
8.797136088670734466e+01
8.702286801814658190e+01
8.798143081589711301e+01
8.564051375749856732e+01
-3.035389718616939803e+01
8.914309090385118850e+01
7.990723565597352263e+01
7.812434382351707995e+01
7.245991217677315888e+01
9.012057104516657091e+01
8.034212059127447958e+01
9.237985061701908762e+01
8.088481308387187596e+01
8.327274978704041075e+01
7.429602530778196012e+01
-3.625946451603954301e+01
7.588378614661152710e+01
8.493046374545873789e+01
8.324702001072844837e+01
6.347606762161475302e+01
8.162309102760578128e+01
7.845289910103062425e+01
6.985819157564384341e+01
7.359140132633555709e+01
7.655566620577120318e+01
8.006073007335140801e+01
8.113682017732375584e+01
8.212447051753844107e+01
7.688089479798297532e+01
8.195029020533121411e+01
9.012181415522825034e+01
8.665849675966940424e+01
7.736838349781372415e+01
7.087040921199988475e+01
7.750998367003870726e+01
8.271818835907673417e+01
7.396751310069407737e+01
8.241707606982078005e+01
8.573497729571647596e+01
7.233161051357610916e+01
8.324067339921558073e+01
8.612468117171404458e+01
7.654425063189400191e+01
7.602865072626862286e+01
8.724572215836920464e+01
9.016043131778316422e+01
8.735566478706215321e+01
8.962966202426559903e+01
7.269949963047825747e+01
7.452469269936979401e+01
8.402669615177214268e+01
8.759831603303943837e+01
7.653001954340001589e+01
9.061472534182061622e+01
7.140159017880212389e+01
8.194820571306392765e+01
-3.024881831115341768e+01
9.202987214772581126e+01
9.092787421142324433e+01
8.759048995870678311e+01
8.942173927414164325e+01
9.202492350929642839e+01
8.028510276913830523e+01
6.452751564178529975e+01
8.001636407309905508e+01
8.468531263298640965e+01
9.142720515396665348e+01
8.624788607726701173e+01
6.953988597571532182e+01
9.014321594611220689e+01
7.488142255740424957e+01
8.659319817393559049e+01
9.192107027217339521e+01
7.738061459578879919e+01
9.051817716496267963e+01
6.796547717339306871e+01
9.302155250086768490e+01
7.583531451831004233e+01
6.721932572673044604e+01
8.033776734101915906e+01
8.571823422081594401e+01
9.204764359280336805e+01
8.269068521558025964e+01
8.925734220995985879e+01
8.630518078111258262e+01
7.323002700566271983e+01
8.323099866410373693e+01
6.996330454771619145e+01
8.638245994877398459e+01
8.529543698380850003e+01
6.444688195293682043e+01
9.127402313104175846e+01
8.764952712829789050e+01
8.287068096101803860e+01
9.308626045325593168e+01
7.056040579649855715e+01
6.702397030145959889e+01
6.635008025069983262e+01
8.575097296064376451e+01
8.484540907354848116e+01
7.689157476093423327e+01
8.883817737160489969e+01
7.156505580141495670e+01
8.645272829083715749e+01
9.204827176968032632e+01
8.366908393521758569e+01
-3.772831190013066305e+01
7.829242155013096749e+01
7.597762694044543252e+01
8.819366446100836754e+01
8.773972221619942502e+01
8.842520385431258489e+01
9.008310021233533860e+01
8.361107948625169684e+01
8.162773200144036423e+01
7.626549102987939932e+01
9.116434970778298919e+01
8.219460412732682641e+01
8.344665757533249462e+01
9.134720981047938437e+01
-3.421319848763805282e+01
7.989302328348334470e+01
7.017444927718732117e+01
9.168081390895051186e+01
8.228534105536380139e+01
7.712255593133309617e+01
8.352967588676813193e+01
8.525613252456282964e+01
8.279939575380308270e+01
6.335654528177052214e+01
6.961120681222850237e+01
8.657092571491004662e+01
8.735635697738059946e+01
8.720750048199008120e+01
8.801259123661304784e+01
6.572560357979935475e+01
6.218035868088330886e+01
8.616688770882680615e+01
6.583604449687638294e+01
8.173544387637790010e+01
8.554356635691959809e+01
6.138033138349469908e+01
4.900360059534277468e+01
5.670491067024810405e+01
9.067629996847026064e+01
7.022905903608833000e+01
8.174689760871287092e+01
8.180137981284704551e+01
7.697664597061987024e+01
7.963588121994766311e+01
-2.941651078924693152e+01
8.970695316978678591e+01
8.341717302996501360e+01
9.173970467297060338e+01
8.765010666954786700e+01
8.629035212557623424e+01
9.372204585161767909e+01
8.740156773088230580e+01
6.176098970579074887e+01
9.160884485236027786e+01
9.282051610888065341e+01
8.851962759609347131e+01
6.836585440335541364e+01
8.971463748945294014e+01
9.111900114363064063e+01
8.273878287329041825e+01
8.170873662221924860e+01
8.393002481437885365e+01
9.262427739257832116e+01
8.615839224733127821e+01
8.161777037877720886e+01
8.996670814436949115e+01
9.197198856037009307e+01
7.884996181775171920e+01
8.169569292946370354e+01
7.764546804593224749e+01
7.055310846429611615e+01
8.765032457228714691e+01
8.050960413795559134e+01
8.568874318942218338e+01
8.720776778429174669e+01
7.948264255162865766e+01
9.316593936827187861e+01
8.138305492574816924e+01
8.262690508663888522e+01
9.076981158425985541e+01
7.272855019147256428e+01
8.452327640383779794e+01
7.369080539663703178e+01
8.606405484128556793e+01
8.996402167205124556e+01
8.674268749595158567e+01
7.889951010526397113e+01
6.902713014883616438e+01
6.839085777822852208e+01
-2.799682576851570559e+01
7.345984200278823550e+01
8.012147693355427691e+01
8.250957533437122038e+01
7.380768293881092745e+01
8.086442448210709699e+01
8.163065105195963156e+01
8.084745671005924805e+01
8.009695035003170460e+01
9.142362579757349295e+01
7.944086900522802352e+01
7.932787247534730568e+01
8.425223834623353980e+01
8.620620417678391334e+01
8.698446474733978562e+01
9.102802129461163361e+01
8.857750152124569354e+01
9.176626574204281894e+01
8.533049825428091140e+01
6.871248006389186003e+01
7.409912429855933169e+01
8.666723130904563277e+01
7.710913739115451904e+01
8.342006329409812793e+01
9.095165433464634930e+01
8.517005548071193743e+01
8.200545252110057959e+01
-3.680967860166215644e+01
9.103839945338629036e+01
-3.818951613124878719e+01
8.128367256852638434e+01
7.072905529800590330e+01
6.011169771269570106e+01
-4.267863003412218603e+01
8.222848591148613195e+01
8.728908770667528927e+01
6.658048720421408007e+01
8.010316225368323728e+01
8.102368338345701204e+01
7.176000337951403196e+01
6.553951270967081655e+01
7.936955593992428248e+01
8.853680842057158884e+01
7.359378809202689808e+01
8.362355262589912286e+01
5.694012863043496253e+01
9.113888889877370048e+01
7.917362971508222813e+01
6.589739260564687129e+01
8.577291814427604777e+01
9.470566960655852995e+01
-3.695142745496576708e+01
7.834127811179598666e+01
8.303122490679379553e+01
6.494180153301911673e+01
8.906003415178962257e+01
8.378681765762077305e+01
8.478326192233998881e+01
8.763811304625413356e+01
8.576181061108273695e+01
7.678886387124777002e+01
6.397792382985788606e+01
8.321652173760674032e+01
7.592026742278784468e+01
8.234067277077352287e+01
7.346702109501448774e+01
-5.773367639193808287e+01
9.272388838629316865e+01
7.597865735931063114e+01
8.708574129467048408e+01
-3.226388702436325673e+01
8.645910392732930916e+01
8.399266698315915392e+01
6.769611760127398270e+01
8.977831918915993015e+01
8.263720928496570650e+01
-4.782132786725589568e+01
-4.635534605357041471e+01
7.618555814621051070e+01
9.324789640981371974e+01
9.120593227027592320e+01
6.499001001266026378e+01
8.956126819793936988e+01
8.281803436990279010e+01
7.128184337719599739e+01
8.381283928140827300e+01
7.623180453355337249e+01
7.505766581045149621e+01
8.801096668363143749e+01
-3.367918077498634943e+01
8.646033449367195090e+01
8.531946936710507146e+01
8.546374348876709348e+01
7.797861546853950188e+01
8.614392704601414152e+01
8.751037781398896698e+01
7.600991008772032842e+01
7.389384770120496171e+01
6.978011648821407675e+01
4.999752070085752109e+01
3.388094787410854281e+01
6.338047684483606048e+01
7.505726611619851951e+01
8.201127671503540739e+01
-3.186317286594002240e+01
7.511780012376492266e+01
8.750476384186991652e+01
8.550474833758352133e+01
7.912008401199702234e+01
7.456328113846336691e+01
7.439840615589582740e+01
8.495614903748131042e+01
9.058386789892126956e+01
8.991288261318254627e+01
9.179523948982524928e+01
5.851295079178009928e+01
8.851191444318659762e+01
8.646721180006178997e+01
7.374840517801229112e+01
8.601196913184575976e+01
8.606490525592491281e+01
6.805174320938223786e+01
-4.030599158547055794e+01
8.145210597991075474e+01
8.436699788488759566e+01
8.986258456540090833e+01
6.708322842964587096e+01
-2.928425271509658856e+01
6.313501232263859464e+01
8.735883526317849146e+01
8.846768871779545407e+01
8.296611085898237548e+01
-5.027284207432960272e+01
5.733684268663161276e+01
5.695199262873843082e+01
5.218577208268357737e+01
8.044264471518967241e+01
5.754599743629253794e+01
-4.823611159801991732e+01
-4.061132358417772537e+01
8.227098745124837365e+01
9.021072412479935565e+01
6.979596143987126311e+01
8.591538357411064908e+01
6.877826185184690644e+01
8.108991937352735135e+01
6.524728836465214954e+01
6.808485681024802716e+01
8.462734822670172719e+01
7.890098811515375132e+01
7.360823352610545101e+01
5.950690890267021871e+01
8.709391209644043386e+01
8.126346592062323282e+01
8.418502132511636660e+01
8.143446468507667646e+01
9.175467522044604607e+01
8.354397037466767983e+01
8.841323643571359980e+01
8.785392954437111257e+01
-5.316588683967670192e+01
8.811380351341728101e+01
8.200334755826267497e+01
8.228724667739348320e+01
8.749129061797111717e+01
8.494896741718456212e+01
7.022137722545448923e+01
6.152318339835805006e+01
-5.749017734358707798e+01
8.579430416993994868e+01
5.788060198874194384e+01
8.690254190430412962e+01
6.695947002877184673e+01
9.274074176739814845e+01
6.829224262100724729e+01
8.548241140838990759e+01
8.381890126195702351e+01
8.275250242934596656e+01
8.358307666752847354e+01
7.633407317942975112e+01
9.112178693965834952e+01
8.142322072761120921e+01
7.929715829662796978e+01
9.071653478252613922e+01
7.766969195842879969e+01
-8.286084843512676912e+01
6.889618673681802363e+01
8.940514989135193957e+01
7.169593625173932594e+01
9.139487043573632263e+01
9.163315245716751178e+01
9.067743058079395269e+01
7.572193772447927529e+01
3.384548393209770722e+01
8.122962456105666718e+01
7.105851901543294957e+01
8.717650159505861041e+01
8.416030601310674797e+01
7.681595361781943154e+01
8.729148937506873551e+01
8.519372991035176312e+01
6.863043521271087855e+01
8.566520978520991036e+01
7.000701866954273100e+01
7.794407374118094367e+01
8.943447181572729221e+01
7.732448901677966546e+01
7.650921701785941309e+01
8.198853244514870653e+01
7.925850137234202464e+01
8.783481043550303013e+01
7.758327094365751009e+01
7.913497587386733301e+01
8.450656084305065008e+01
6.584814564160690509e+01
8.978949125820881250e+01
8.263788894481223224e+01
9.020130271825456703e+01
1.649095962739623644e+01
8.926237958697259955e+01
9.269834232644220151e+01
8.660764896013449743e+01
8.473151651804293749e+01
9.172906056262284835e+01
6.777594624835671766e+01
6.885243119998006023e+01
9.203328623781449380e+01
7.170390742851422772e+01
8.822855826976478966e+01
7.236346055716821013e+01
5.207976790305625059e+01
6.397873929178867769e+01
7.312520952268477004e+01
4.632518199286026572e+01
8.995024570966910460e+01
7.923584270767763371e+01
9.179259777476073623e+01
8.096359420794135531e+01
7.325779930613192903e+01
8.932102587222864543e+01
7.647199860223688006e+01
7.608261111087171003e+01
8.036633958605003158e+01
8.603362647859216850e+01
7.998261246509338207e+01
6.202479710624191256e+01
7.338117611604613444e+01
6.470371465417038337e+01
9.121352344686613378e+01
7.784197010787833904e+01
6.960119014155392847e+01
8.604055196740685574e+01
8.022614082279991976e+01
7.010291507513993281e+01
9.238514877758169064e+01
9.058532500801877063e+01
8.192127349285128446e+01
8.413530738287762745e+01
7.382049437142973147e+01
6.796589009944545978e+01
9.271399526495581256e+01
5.659688570419904607e+01
8.217871841884753792e+01
5.174832668564967975e+01
5.931270946845833691e+01
8.170898310205274129e+01
8.281426157548261813e+01
5.732930180174619750e+01
8.761668251211456493e+01
8.342186744561024625e+01
9.141304105424320881e+01
5.978513074450467712e+01
6.235508906532388096e+01
6.853860205873476730e+01
7.470026908046330050e+01
8.585526812680241449e+01
9.109443126113694689e+01
7.935194670799857874e+01
9.122462453490022938e+01
7.899591109115047516e+01
8.954579866553125100e+01
8.790320866522888821e+01
8.868632042710761709e+01
8.683216017339462667e+01
8.637557106156086206e+01
9.287883696160892555e+01
8.084108591689967227e+01
7.887855900673646659e+01
9.116931515745243075e+01
9.358197796211202046e+01
7.994613278409192958e+01
8.461214648317519504e+01
8.745312762259848682e+01
8.847960735644637964e+01
8.334952024681737726e+01
9.304765425165045656e+01
8.930827003915108264e+01
9.009462890107045041e+01
8.958048745499603172e+01
7.862401934743095921e+01
8.689000915589306828e+01
8.720460173303060003e+01
9.026048796974781396e+01
9.117756288768117656e+01
8.403272583732527323e+01
8.113656131319031317e+01
8.115228674323140012e+01
8.866018101684284147e+01
9.204155257147550628e+01
9.132438756269650071e+01
8.694750308829165419e+01
8.380260250053854065e+01
8.817906399763816694e+01
7.716213483311065602e+01
8.469477814865979326e+01
8.894231853913352381e+01
8.331102627328792209e+01
8.786838561150615590e+01
8.576612649382721543e+01
8.607975933932544876e+01
8.601114346920269327e+01
7.574435828653525959e+01
8.200149597953878811e+01
5.992293341976837695e+01
5.193080107272286483e+01
8.964353113370330561e+01
9.305213022025530734e+01
9.197245635283040599e+01
6.244626791684178357e+01
8.167044195086157288e+01
6.725509598400125810e+01
-7.570435794321208789e+01
8.853776974184890491e+01
7.392817570645974001e+01
8.762818242628137000e+01
8.229858663581813971e+01
5.714408471680779655e+01
7.396109464140369028e+01
6.498916093667354232e+01
8.935079678534793857e+01
5.598604191412836428e+01
7.909274429732425915e+01
7.905934889858762915e+01
7.782764376976778919e+01
8.644744749418416063e+01
7.747248855262888867e+01
8.768586135444225249e+01
8.341224876928116316e+01
7.011013742577451069e+01
4.969395796418061906e+01
6.794377748962233454e+01
7.151308513716699622e+01
8.011748404178719341e+01
8.040707343947229901e+01
6.230363499063863486e+01
7.175214026139298085e+01
8.947613699257806275e+01
7.149514941639156973e+01
8.362076637593224859e+01
8.085380129156051510e+01
7.523192516769074700e+01
6.696051501043405096e+01
7.762157119287741125e+01
7.838922885312439348e+01
7.500483595858543140e+01
7.256137593727370927e+01
5.715068333314560789e+01
8.438286794721506112e+01
4.207361766870809561e+01
5.864399136897000631e+01
8.080287919508695893e+01
5.992286850298467726e+01
5.755675501013615758e+01
8.290928962881227449e+01
5.151595083177355860e+01
5.129259867349720992e+01
6.262844023123901138e+01
-1.076883396646777129e+02
7.277544815929789479e+01
2.949731784466223417e+01
8.118182098839911021e+01
8.335896002856199516e+01
7.974402716111276845e+01
5.757386044873495479e+01
6.168583968727914879e+01
8.121350370581961897e+01
6.474463896390103912e+01
8.935049641409210608e+01
5.629932133585249687e+01
5.392939291338110053e+01
8.623661456104655088e+01
6.866788126281753080e+01
8.358211206494702594e+01
5.429356988158232866e+01
8.730972991329689137e+01
8.069300977689761112e+01
5.701129323323409892e+01
8.217313231345829649e+01
8.062198756918014908e+01
8.766821841198284915e+01
7.142465788055685039e+01
8.293070539421721321e+01
7.218128702012867848e+01
9.423395363886881171e+01
7.676815097455714465e+01
5.754159384229588170e+01
8.741332934180698544e+01
8.680926905190375464e+01
6.055708143186741665e+01
8.441545890869409163e+01
8.798028314177157938e+01
8.351819395523997969e+01
6.894051660201769494e+01
7.935414978331904479e+01
8.023486537497990412e+01
6.701808549474955612e+01
6.729524594621256028e+01
8.389245293176097107e+01
5.508976553057669179e+01
6.914413981089944627e+01
8.407224108414335717e+01
6.789160743588597313e+01
8.531061056805543785e+01
7.173111311522090716e+01
8.536284734511477268e+01
7.819034195815457622e+01
9.186890830515389439e+01
8.777267141095640568e+01
7.786712577914032352e+01
9.027021415066893439e+01
9.316598161098303876e+01
7.839919085388761744e+01
7.863165374855613265e+01
8.624513766240158930e+01
6.979846851770740557e+01
8.692570756989496772e+01
6.813692908699142947e+01
8.370840906374087353e+01
8.642922697750711336e+01
5.728666357606788750e+01
7.332532174329435293e+01
5.043912548632896176e+01
7.917334340706908336e+01
8.998574770023800795e+01
6.639088726586489031e+01
9.169028026600824433e+01
6.716073620230741881e+01
7.696373015284885355e+01
6.451951674071295884e+01
8.499242254324082069e+01
9.002514889908171369e+01
7.865784649427389752e+01
8.077857661853536797e+01
7.715515591211402580e+01
7.827946100210462532e+01
6.018964836354556525e+01
7.333353318909493623e+01
8.678268147532254773e+01
8.894941738857552593e+01
9.058831107066166055e+01
7.516344714219466994e+01
8.237656773571308122e+01
9.266975723536344844e+01
7.678976812507362126e+01
8.925530169072273168e+01
7.437846246258656890e+01
8.062627003471459375e+01
8.962248171989639900e+01
8.362767445869909011e+01
9.016746909430366941e+01
7.025338849489521920e+01
7.916989479830181153e+01
8.899172475981397668e+01
7.890988168026436256e+01
7.806788539007152394e+01
8.009277555391807368e+01
8.282536471093071384e+01
7.722512873250863663e+01
6.545499813614256368e+01
-4.645064811175154773e+01
8.473363617746238674e+01
8.919016570209143424e+01
6.712326144079125356e+01
5.579438247808338502e+01
8.683692901378573481e+01
7.850501706578295114e+01
9.050915417317253286e+01
8.765907859983265382e+01
5.916979063707396591e+01
8.490443001221248664e+01
8.209229651129211902e+01
5.125515300634933880e+01
8.207909519529584941e+01
4.021300244249826505e+01
7.561372121925212753e+01
4.092110991955647847e+01
8.374375773615861362e+01
7.937639414337444066e+01
7.997924444831323854e+01
7.854758506823543485e+01
7.581294074751160394e+01
7.054287453692445808e+01
8.101494183477166189e+01
6.581454177908204883e+01
7.766431474654088163e+01
5.584361512815040385e+01
7.999093952177969413e+01
3.482248951738807818e+01
7.514972414418909352e+01
8.371975454763708058e+01
7.810427855433341904e+01
6.687426939318407904e+01
6.825341673076701454e+01
8.067099596248581861e+01
5.114411692960348432e+01
8.647101647883962983e+01
5.632821829575555483e+01
8.479607995529372033e+01
8.154543342655563265e+01
8.368238869268276403e+01
7.889053028250404509e+01
4.642585410333143159e+01
8.278234572263454538e+01
6.496121819248804741e+01
6.987747060882276173e+01
8.498634914711986710e+01
7.515322840641135826e+01
3.570026030796344685e+01
8.089908361606386222e+01
8.187150023568446500e+01
8.501949772390668159e+01
7.788709595854045631e+01
6.797202647793142205e+01
6.441342879805563371e+01
8.018431723323637073e+01
6.762658544944389405e+01
7.566582518037127159e+01
7.898654270052210791e+01
8.622654274534427543e+01
6.336364229411386617e+01
7.995637861673931468e+01
8.278294018362086604e+01
6.301027959683947444e+01
5.890690466280877757e+01
7.697031745762163268e+01
8.456136641238262541e+01
8.715184918883961984e+01
6.989466352462184773e+01
8.488366953146262972e+01
5.291877993778535227e+01
3.613163493088618594e+01
6.714354216949195120e+01
7.567961694618827551e+01
7.685532092152746486e+01
6.542805441833891678e+01
6.253052363637382882e+01
8.671398401954601809e+01
7.822309309538110256e+01
6.989914700131038217e+01
7.696041578838925545e+01
4.580145320365637218e+01
8.698484172523845359e+01
6.548028000561652107e+01
6.707648227772210703e+01
8.747546625094736328e+01
7.668392987381311343e+01
8.744348000240091778e+01
7.354773484008372009e+01
7.994662963548532275e+01
8.301698143174408528e+01
7.391185875336080358e+01
7.997368703835562087e+01
6.863853435174731032e+01
9.044074687316805239e+01
8.787475615367824844e+01
8.463966009726023287e+01
-7.036933073373215564e+01
9.217098536265962139e+01
8.709740745047909627e+01
7.671669461603957529e+01
6.692069980051972777e+01
7.089480270079536695e+01
7.970124353386653127e+01
6.666319933524229668e+01
6.956098474744291593e+01
5.136167485353919915e+01
7.824589143450400286e+01
7.611426293817716271e+01
7.331747082672771398e+01
8.674900219958179548e+01
5.942379282634945525e+01
7.768900600888987640e+01
7.198939130482170867e+01
7.352657825330858543e+01
7.705170374674034406e+01
6.534827064699274501e+01
8.653630681809823955e+01
8.175267595161469103e+01
7.670147823315288349e+01
8.241101618728660583e+01
8.807475506630188988e+01
7.977562243435058065e+01
7.953055339598128626e+01
8.024658579008456627e+01
8.189442059095580362e+01
4.380457881275629717e+01
8.849098317814392090e+01
8.123219154765645555e+01
9.018094958089999125e+01
7.398619420104850519e+01
8.445027574784444369e+01
8.013142951229755795e+01
8.421483537561016419e+01
8.399188091933832823e+01
6.853871533361896695e+01
8.186023228595843193e+01
8.637657981788856887e+01
9.256818877017468594e+01
7.742097439893734645e+01
8.230077024985499179e+01
7.584825014741107907e+01
8.361813462525125829e+01
8.265710040990262542e+01
8.903591922569385986e+01
7.865602154338691321e+01
7.555060493002176258e+01
9.197247766799677038e+01
8.406245868495287255e+01
7.393658440753821992e+01
8.036268479135796383e+01
5.859136350372313728e+01
7.745090805811697976e+01
8.210561170953155852e+01
8.532740544381100278e+01
6.801759350058168252e+01
7.946601151293850762e+01
8.077832179302126292e+01
8.645482275816378603e+01
7.725649493802738732e+01
7.994050306996761890e+01
8.359197380652983611e+01
7.879306017586981170e+01
7.689940408219084134e+01
8.957535389083226107e+01
8.073414604215717816e+01
9.145066663050435807e+01
7.853005312507029601e+01
7.980588657083961834e+01
8.599210086178919710e+01
8.608192647957712040e+01
6.225770954360896070e+01
8.795075682377189707e+01
9.243257087180332121e+01
7.671351811837126888e+01
7.546733145650252084e+01
9.257705700010946259e+01
8.739376120523319003e+01
7.609543550461856398e+01
7.319390932549580953e+01
8.196229320345707947e+01
7.345670659729074714e+01
8.119598549181731073e+01
8.269422404683388095e+01
7.984065274027294379e+01
8.766551439459458095e+01
8.983161288821385426e+01
8.684108174499374400e+01
8.948028025940695329e+01
8.091749427375967230e+01
5.877486195981376937e+01
8.440600109744192991e+01
8.183088440244372919e+01
7.899170855884017328e+01
7.147142430801893909e+01
6.942471668479426228e+01
6.748886521806286964e+01
3.534376769996315204e+01
9.062381160437661265e+01
7.957195993345654017e+01
8.208023047162751595e+01
8.569748154089171521e+01
8.087587249729473626e+01
7.226575539266534065e+01
8.514751531571562282e+01
8.271808902785852524e+01
7.186399833569281270e+01
7.991148011939044693e+01
8.439831200340546502e+01
6.939655321831868662e+01
7.001284220961581184e+01
5.681429232946292274e+01
8.973985653089363268e+01
8.238934505102072592e+01
8.404355124737855931e+01
7.452801628601388018e+01
6.666619441249652311e+01
6.646495720880946578e+01
8.537956490269056076e+01
7.501140411414299081e+01
5.027545342410970619e+01
8.777103950466516835e+01
5.992615055852224515e+01
9.245390619880535610e+01
8.259620258848259766e+01
7.022507255677528804e+01
8.619367283227069265e+01
8.745423441959270860e+01
8.627728310486202190e+01
9.264181819565514786e+01
6.861559780529731256e+01
7.458393508773312419e+01
7.785040595438971422e+01
8.713514249391256783e+01
8.621768578399552041e+01
7.920033891602679432e+01
7.047410510143066631e+01
8.246342501565877114e+01
5.525820029457250371e+01
5.990356769581695318e+01
8.059401628193847955e+01
7.641851334888296776e+01
7.052802260967970938e+01
7.413618996614846424e+01
6.598043828886196138e+01
8.252810883855401869e+01
6.121437069022601918e+01
3.860291675735099659e+01
8.298314148842432303e+01
8.109587946822529148e+01
7.047662238596302586e+01
7.804412760245968173e+01
8.673380872952702703e+01
7.843262791511439502e+01
7.690663011489594680e+01
8.686305246892827370e+01
6.074018588057198542e+01
7.422066506101808159e+01
6.966607757507959775e+01
5.018198775990515514e+01
7.647778735171063147e+01
5.525025249003974182e+01
9.289304778042924227e+01
8.035822548484956940e+01
8.869461393357399004e+01
9.219783068076908705e+01
8.440120887941446881e+01
8.373692958207911374e+01
8.905281709942966017e+01
8.191697056306544766e+01
8.678539463331098602e+01
8.847882946900206491e+01
7.283323016938574312e+01
8.608089805914195836e+01
7.103168975117702644e+01
8.266330574632158346e+01
5.083601380253287516e+01
7.915333444675029284e+01
6.540770699195921623e+01
8.627797424774274759e+01
9.037986651474700750e+01
8.424238550924462743e+01
7.730044688087224358e+01
8.917034220694291946e+01
6.851011322865872444e+01
5.610563578743986568e+01
8.795973306579580253e+01
-6.468194372250316349e+01
8.244125254100696054e+01
7.313887773011548177e+01
9.149150881335351926e+01
8.971543255201565614e+01
9.256072545170977151e+01
7.397858611254963535e+01
8.988469090606808720e+01
3.572155692295737595e+01
7.073057269741762809e+01
8.518515080644027648e+01
8.574922757507532367e+01
7.943049944247204053e+01
5.185175587593123225e+01
8.417473503092409715e+01
7.392914606534256450e+01
8.272759134668723391e+01
6.538397180002438347e+01
9.155035998536033048e+01
8.183431390469797861e+01
8.401644050372662775e+01
7.446978916848208030e+01
8.160283656151474929e+01
7.587903632587332936e+01
7.091912966796199669e+01
7.499061825911502410e+01
8.604581848607867300e+01
7.927957372631567523e+01
7.996506186060481980e+01
6.686734777193510126e+01
8.627836917731657707e+01
8.658787442551938796e+01
7.705911697903515289e+01
8.804098173233133195e+01
8.320181374121021634e+01
7.254059865404835250e+01
7.836517971474349054e+01
8.644600092162480109e+01
8.026626156724049110e+01
8.742566537102456437e+01
8.789358801672619848e+01
8.596287846448457515e+01
8.164794653645228095e+01
7.857801154856846892e+01
7.962167533417905929e+01
8.764879875078278815e+01
8.064072309643185577e+01
8.609244927377342549e+01
9.217582346204129351e+01
8.530227183871360808e+01
9.003899538165727279e+01
8.312992050862636972e+01
7.282238130768317319e+01
8.699669947136511894e+01
9.104850075896666795e+01
5.898550757379689458e+01
6.623604009532391501e+01
7.403583599716618835e+01
8.625598943381619677e+01
9.046936829776585398e+01
8.390322973905333015e+01
8.357636328202717380e+01
8.563671422586833160e+01
6.441686783452436771e+01
7.827159744072582725e+01
8.744193327982362973e+01
7.766393291469131555e+01
8.892371099792788414e+01
8.697335002345300836e+01
7.523156111338454366e+01
8.730007850085597454e+01
9.232018150673745538e+01
8.729776090195906590e+01
9.113152242132660774e+01
8.709905734200839333e+01
8.742259941920299582e+01
8.596553850922715867e+01
8.954503463956338294e+01
9.245065486374826946e+01
8.739766128400233924e+01
8.919078694134874752e+01
7.978607281301654552e+01
8.523730132734905851e+01
7.933026490665237418e+01
7.520138155738874275e+01
8.802535498554821913e+01
8.817717378125007599e+01
8.717120436203462930e+01
7.877184779073192544e+01
7.041054962724579980e+01
7.342166439617849960e+01
8.675190836674329375e+01
6.285669449602389847e+01
9.230264389370414335e+01
8.058690592287319987e+01
8.322125931345199490e+01
8.624074348292585057e+01
8.382746423965436122e+01
7.281861863887588981e+01
8.298164412329521156e+01
7.980891005566792273e+01
8.739362489453334604e+01
5.712825531035575466e+01
8.248254856458066797e+01
7.020164820743906375e+01
5.590603540047843012e+01
8.902590227820671487e+01
7.065254449290208072e+01
6.896588158373378974e+01
8.062509437434306392e+01
7.976807859822770297e+01
8.486004178333513437e+01
7.631978106262495487e+01
8.068421531304747418e+01
8.815933077263954942e+01
8.741987363460260951e+01
8.799311457931412406e+01
8.381159857158164073e+01
8.808024672363110597e+01
7.860012221087995954e+01
9.348135057627605704e+01
8.138588702074962100e+01
8.457850915989746454e+01
7.926763773631226684e+01
8.208254733412636028e+01
8.791204549590828776e+01
9.129580170754069002e+01
7.915691752941893355e+01
7.843845454796249328e+01
8.916474507126241633e+01
8.529282575485127893e+01
8.401625349698808520e+01
7.797882794374322657e+01
8.500002037755449180e+01
8.184312690547361058e+01
8.702381337708213493e+01
9.281943038689757941e+01
9.052687570448760823e+01
8.370311788658307250e+01
8.053878448920539768e+01
8.981395051024443887e+01
6.596311218930115672e+01
8.715366044546750857e+01
8.217074346338991120e+01
9.163731628178270228e+01
7.666254404967108371e+01
6.473778993508858548e+01
7.525565530696857763e+01
6.976732139312632341e+01
7.667653033656287676e+01
8.403797473371952265e+01
7.634691938319886617e+01
8.546100872749454425e+01
7.498860329871384067e+01
8.548533702320838756e+01
8.518009385398356414e+01
8.771552351958439431e+01
7.334380870177378142e+01
8.612507188540186576e+01
8.770761790728641927e+01
8.921580863442156328e+01
7.854795435980169316e+01
8.878340095162221246e+01
8.885064012588971138e+01
8.654236635418131129e+01
8.908915946827387700e+01
8.801216978543757818e+01
9.182996822121469904e+01
8.799425708987828898e+01
8.774471577006188738e+01
7.867929479575340679e+01
8.358978637032853953e+01
8.974224122573120610e+01
8.220239179022320286e+01
8.425877826972424600e+01
7.727261224124107741e+01
9.282096478749630819e+01
9.042103952256701405e+01
9.091255806439683340e+01
8.071868449959295333e+01
8.483378799811029580e+01
9.075462100643018459e+01
9.021425154427195992e+01
8.280960654498046836e+01
9.068177594392747665e+01
9.123732741313993699e+01
8.794304993319742891e+01
9.373604660371456987e+01
9.045536273024245588e+01
7.596521244029752040e+01
7.066729036737866920e+01
8.658798459273438652e+01
7.983466939565438736e+01
8.641849967176339931e+01
9.436019354375525836e+01
9.030933435096503104e+01
9.017223486705934477e+01
8.792035731533707121e+01
9.309112645837689115e+01
9.015240990717943248e+01
8.906168407612662463e+01
8.730134862464495882e+01
8.353156903979167680e+01
7.663511965017499961e+01
8.078472283467854709e+01
7.922966763498931186e+01
7.467901424921952014e+01
8.846884152854840977e+01
8.506023658905975537e+01
8.736660635102390415e+01
7.888545350289899716e+01
8.614880584486668624e+01
7.439378873644696455e+01
8.909391399143947865e+01
8.393924517009253350e+01
8.979720787566277806e+01
9.075256791947282409e+01
8.167568968508228977e+01
8.739286878881517850e+01
9.089874874828878148e+01
8.464461553363132396e+01
8.881109135742877925e+01
8.827106772424356507e+01
7.981211504032347648e+01
8.288161703269801706e+01
8.062997698580457495e+01
7.835552367781978944e+01
8.316532209260967079e+01
8.194728233639216342e+01
8.207684615909789727e+01
7.698070591016860931e+01
7.396080532460598533e+01
7.704943029082205896e+01
8.282165466158818390e+01
9.183687101018637122e+01
9.123614924286002292e+01
7.975388775443866507e+01
9.332878196936246695e+01
7.349324873799625379e+01
9.153953242832692183e+01
7.755707578577789718e+01
8.458668158862963082e+01
8.615006102808845867e+01
9.009463719821432903e+01
8.444405096267057331e+01
7.149677864350331902e+01
8.635119400057027406e+01
8.842756630186029554e+01
7.453978452015178391e+01
5.427314694067024448e+01
8.820505228059059277e+01
7.302691533795905343e+01
6.657037700658804624e+01
8.081919703025751289e+01
8.124740029821710152e+01
7.711969676204327584e+01
7.977370039956096548e+01
8.337055933701678612e+01
7.851111739688683144e+01
8.399877657139109033e+01
8.983052825269881225e+01
9.202958895856284016e+01
8.768370946787899811e+01
8.933154053128482985e+01
8.674027175319523053e+01
9.042056842011471929e+01
7.881876074684362266e+01
8.710997648669210491e+01
8.248070416020024709e+01
8.787150830501028054e+01
7.526563288855609812e+01
8.913121712892882442e+01
8.745593963675813143e+01
8.982281378253010473e+01
9.125501570207988777e+01
8.557773074797937340e+01
8.511075515652677836e+01
8.892103739452709021e+01
7.705907911674535171e+01
9.321243732519893399e+01
8.703780454898526386e+01
9.131770816954592362e+01
8.141093018807042370e+01
8.145976814139847022e+01
8.151371536238369231e+01
9.080424392220140817e+01
8.691341157585574706e+01
8.425830904188430281e+01
8.020122888051228927e+01
8.667527478172534927e+01
8.574379376554148280e+01
8.568342739226653748e+01
8.880856640369569277e+01
8.819527511205176040e+01
8.558295830789039371e+01
7.987843698201159270e+01
8.666490513953040420e+01
8.287715797560997544e+01
9.102993369468954654e+01
8.762012565965844146e+01
8.993171970759669875e+01
7.378073415639182997e+01
8.388919785786706029e+01
8.247496791955023809e+01
8.823145128190856212e+01
9.216212463734071036e+01
8.320882241924051925e+01
8.313585015246476928e+01
8.451341161258979184e+01
9.151476580186104570e+01
7.670575806277878428e+01
9.265978677374452843e+01
8.584814622690360864e+01
8.772394149156130538e+01
9.231165191180166119e+01
8.133752050564562808e+01
7.854648135778137430e+01
8.654231945625151923e+01
8.805463896610643815e+01
8.596325525154885838e+01
8.617591575834974549e+01
8.845301755397829879e+01
8.020746943003564411e+01
-4.631301214716522372e+04
-1.094781238950310217e+05
-1.562690575402755057e+05
-1.991126297907916014e+05
