0.000000000000000000e+00
-2.958990217532449307e+01
7.417363692865350799e+01
-3.184060199785412948e+01
8.247773522800088131e+01
-2.899685902645316915e+01
8.568494554348214365e+01
-3.689781684650254334e+01
8.031874721079880430e+01
-2.615044838583426312e+01
-3.441081485018455766e+01
7.442794698863694691e+01
6.348858249484177207e+01
-3.332290314128340469e+01
-3.723487354839017627e+01
7.787754722865464885e+01
-3.135863471574421624e+01
9.060216694328910592e+01
-3.266544385811683782e+01
-3.333035286675055886e+01
8.036908303724493408e+01
-4.068727373070380793e+01
9.086948162074432389e+01
8.576810796415142590e+01
7.144778908600123657e+01
7.094271823251369824e+01
-3.372654826187400090e+01
7.845299044263343546e+01
6.802513767115273424e+01
8.308333517382625644e+01
9.017582324811043293e+01
9.262604793986453444e+01
8.103422195099931002e+01
-3.115150146018086019e+01
8.413220893288600166e+01
-2.583112284029126116e+01
6.735448887447576283e+01
-3.183481469772948458e+01
-2.907488349524420812e+01
7.004414488766430225e+01
-2.844638974231840578e+01
-3.391673064929250359e+01
8.024499306149938604e+01
7.211882881370841858e+01
9.311763277838876718e+01
7.814060048262197711e+01
-3.430729530124491333e+01
8.345691429811611783e+01
8.054536868480322198e+01
-3.067397827314190906e+01
8.984817234842566336e+01
8.456501983403529721e+01
7.134515428323648223e+01
8.574416882183088262e+01
8.836602273606523283e+01
-3.332177711499186756e+01
8.081041208575518908e+01
8.619738601966193414e+01
9.331015909287600607e+01
-2.820525124969059405e+01
8.201278461722829149e+01
-3.186282032012102761e+01
8.489527829594852903e+01
8.053089192286321918e+01
-2.578762817456372858e+01
7.220871995280458577e+01
8.098584708679133826e+01
-3.290836018093084903e+01
8.098296012346101236e+01
8.089231795839724271e+01
-3.410153706725245115e+01
8.727183723039047436e+01
6.002018278012379682e+01
-3.289486064401901189e+01
9.142010789872540499e+01
-3.092568696050579646e+01
7.723081398495270378e+01
8.171488428131419823e+01
-3.174379281733050817e+01
8.214542532761251437e+01
7.921867563076804686e+01
9.273228002090056066e+01
8.441524309340302068e+01
8.965659543183264191e+01
7.110964754272114874e+01
8.713070041267395993e+01
8.943385889051920401e+01
7.540829610900267710e+01
-2.843994832989059063e+01
7.768836540448477024e+01
9.289147599962673496e+01
-3.220395491618296546e+01
7.780217249268496005e+01
-3.418590940641750819e+01
7.380818226905709878e+01
8.108122868973894981e+01
8.353060282917543589e+01
-3.269766416569575540e+01
-2.999216559166032425e+01
8.137051259081002286e+01
-3.103314537767450076e+01
7.184819414540197613e+01
9.016118858873423392e+01
-2.384866148982554890e+01
8.529767099900291782e+01
8.479211813071526649e+01
8.514323896124665225e+01
-3.012347717380992407e+01
-3.380369048525872699e+01
7.608672207619105166e+01
8.623964681492007855e+01
-3.155847454899490145e+01
7.013330153531171618e+01
-2.944251707551697805e+01
8.977805120127902683e+01
8.118559765810276474e+01
-2.947381370088195141e+01
9.440898282202468295e+01
8.419248467967261718e+01
7.855003023482149160e+01
9.039910636500299290e+01
7.343491168736053964e+01
9.362318336731649993e+01
8.826663626338876156e+01
7.151010039326386902e+01
8.101574596112831728e+01
-2.897763105824066088e+01
-3.179841328961779112e+01
7.994422498545921485e+01
8.836427753121400031e+01
8.093214610504094253e+01
9.002849618233786089e+01
-2.931524108788612182e+01
-2.877213798263349176e+01
7.355099728664511360e+01
7.768971867773396411e+01
-3.345649543064016029e+01
-3.165425828924482587e+01
7.904115942310528453e+01
-3.281587076374319167e+01
8.582177800186148886e+01
8.360141183073338311e+01
8.338267522885115568e+01
9.184687205384038577e+01
9.228115274569650239e+01
-2.772381049337504777e+01
8.614441548411558358e+01
7.902556971438193045e+01
7.580094021495648349e+01
-3.232674451322787235e+01
7.565870994516463099e+01
-3.801514475854823161e+01
-3.057439671070283183e+01
8.133696293908442954e+01
-3.584530055340995602e+01
8.416806059004517238e+01
7.772938057727807859e+01
8.245039554375145485e+01
7.813117357469913316e+01
7.900479713078277655e+01
8.683396993134005015e+01
-3.336484804004001603e+01
-3.225600784238060470e+01
7.960680386635425521e+01
-2.849984194653254832e+01
7.333762284542703469e+01
-2.766082479160022345e+01
8.929950054293128403e+01
-3.140359213300348529e+01
-2.570821080489233168e+01
7.479337965752759487e+01
6.850491572053265088e+01
7.211002411162050407e+01
8.856217371046986386e+01
7.305335095455220085e+01
-2.925761545834178534e+01
7.165879043750540234e+01
7.205318884049518147e+01
6.436846026839683077e+01
7.528305531283470486e+01
9.380220638551611501e+01
9.038963751014661341e+01
-3.326893061816398500e+01
-2.936072836775957740e+01
8.484130936278801016e+01
8.365583915456832642e+01
8.902319191244359331e+01
8.546976128096423508e+01
6.942706216518409690e+01
7.549192299295985720e+01
8.968452850163569678e+01
9.442786518719428557e+01
-3.025987063498807572e+01
-2.743565898655356960e+01
-3.134772789959252393e+01
-3.221545299656398242e+01
-2.811787986260547356e+01
8.867864904653575309e+01
8.755977645678605370e+01
8.123910618048464016e+01
-3.355739198541654389e+01
8.650711366743838937e+01
7.588827084624219310e+01
8.638496641314114299e+01
7.383360615209910804e+01
8.803872413537773411e+01
7.602227140412101392e+01
8.144255948769304609e+01
8.481642028582194826e+01
8.657662765029894558e+01
8.477069547250368942e+01
8.637696105151660220e+01
9.014526345663128382e+01
-3.783724219863839977e+01
6.871500583200254653e+01
-3.195394822823288195e+01
-3.625692014246686057e+01
8.391161624045686551e+01
-3.463083144309084105e+01
8.528189503474519029e+01
8.077318136312743491e+01
-3.026137979891636220e+01
-3.064875058301845456e+01
8.754939470182021921e+01
-3.175717696688179359e+01
-2.862544943317388757e+01
-3.472751569368526958e+01
8.781534515255779638e+01
9.026015315394396055e+01
9.004431567653638524e+01
-3.122591370287667090e+01
8.792828667816137056e+01
-3.153501961253391173e+01
7.408714347008650236e+01
8.217031160796835820e+01
8.746241399192389565e+01
9.402029936525957510e+01
-2.723638688259806173e+01
-3.400246925432751510e+01
8.699531839602845196e+01
-3.044711270539171366e+01
-2.452253557419420815e+01
7.416579409106654452e+01
-2.797768732380357548e+01
7.687239813976285063e+01
8.912411302493471510e+01
-2.870475601445028246e+01
7.298668293654468187e+01
9.214365630980599065e+01
7.333520588536771356e+01
-2.526327817516613194e+01
-3.484112317486515309e+01
-3.420043898570465757e+01
-3.031739978296426230e+01
8.115962101222578440e+01
-3.953461990159479456e+01
-2.659644401976426309e+01
7.443615425283107356e+01
7.951261496401465934e+01
6.469480872738958510e+01
-2.964857668927316325e+01
8.324127950079586924e+01
-3.398215467319966621e+01
7.218672030387821792e+01
-3.186101515202227930e+01
8.419509299185236273e+01
-3.321611725229846002e+01
7.688594554771260903e+01
8.825573658504200125e+01
9.146222231504930278e+01
8.227307828393290379e+01
-3.660519049348629750e+01
7.158141562570439476e+01
-2.582760783406400407e+01
8.954258428627674959e+01
8.398447434335466255e+01
-3.259673757438712727e+01
7.526755966868941528e+01
8.036570262670642251e+01
9.060002930503439700e+01
8.795185788397458282e+01
8.752464373701307920e+01
7.795635804004558622e+01
-3.627255371318269539e+01
-3.109644887463990059e+01
-3.649688911799356106e+01
-3.021854406579260299e+01
8.446629642879011612e+01
7.877538754956148637e+01
8.586801938126816935e+01
8.381042280433315739e+01
-3.714446131184217137e+01
-3.133469236294935101e+01
-3.236083221186614622e+01
7.808668809541018163e+01
-3.015114780395589733e+01
-3.459822685377874052e+01
8.117062603573336332e+01
-3.282138798400243473e+01
7.401950409903193417e+01
-2.684521182691489471e+01
-3.297065893462316666e+01
6.983967308982015254e+01
8.936052058386655972e+01
9.135140138331061621e+01
6.997030004822728699e+01
-3.271860781333330692e+01
7.441375798831037969e+01
7.077535065982287676e+01
9.035118999366363823e+01
-2.711889901279745274e+01
7.200991042413158993e+01
-3.282744646555532597e+01
8.165467047102995934e+01
-3.380754542638727855e+01
-3.506388089386098272e+01
8.859489879488380382e+01
8.310412015796990204e+01
8.109958214993874037e+01
-3.882753427838412108e+01
-3.606129602890690933e+01
-3.049518102403130015e+01
-3.165488330583683307e+01
-3.804094132025116437e+01
7.795011472611821546e+01
-3.860963161626374784e+01
-3.102076121048621005e+01
-3.463517657263436433e+01
-3.335951192299570778e+01
-3.064340383406952029e+01
-3.920941671437090292e+01
-3.704195408178846094e+01
-3.216177727432106082e+01
8.678263249710809646e+01
6.901496241321638081e+01
8.157158420792346476e+01
-2.988718870521155679e+01
8.961064491407671539e+01
8.506630025001801698e+01
7.343721337560060647e+01
-3.154074715513874949e+01
8.608377414866642141e+01
9.423037967854928354e+01
-3.366715232113253364e+01
8.397836974674797261e+01
-3.651648246686565358e+01
-3.440497061915467469e+01
-2.803657847725834174e+01
-3.779879195756621613e+01
-3.756934480570782142e+01
-3.622371281611630423e+01
8.384140067284273812e+01
7.594005104280954299e+01
7.317373874480530560e+01
6.932645702453707770e+01
-3.265257231306387808e+01
9.232416889058031018e+01
-3.389654291966176203e+01
7.653128708966458760e+01
-3.741639094273831034e+01
9.124516380412293870e+01
9.246894941441803439e+01
8.295679790170451895e+01
9.050621028563347181e+01
8.276862822968851674e+01
6.819959010023551116e+01
7.143465264037581619e+01
9.273280912315580338e+01
-2.946613119874838915e+01
8.163320146393735399e+01
8.231402015442520792e+01
-3.578153353008687532e+01
9.431115132531087397e+01
8.202385527797989084e+01
8.823936200828680398e+01
-3.368006032344911205e+01
-2.915991859942192832e+01
8.431183341784239360e+01
-3.310550045916406248e+01
7.914100266412452811e+01
-3.823461492012811647e+01
8.366861816502735394e+01
7.960420760925197214e+01
-2.723922899962299127e+01
-3.626000863948871000e+01
9.116918718764559060e+01
7.144858963092556792e+01
8.564674760341152648e+01
7.951102355857530313e+01
-3.208840085209151027e+01
8.461941660870982673e+01
7.868163217130425835e+01
7.252494005240046704e+01
8.291616513218095008e+01
-2.724908018000942533e+01
7.932256938737052110e+01
-3.045979314725264686e+01
7.493512012861964422e+01
8.615475817861462815e+01
-2.768263739512496358e+01
7.583475006087887493e+01
-3.226720068346556047e+01
7.183691478929797825e+01
7.066340034050548979e+01
7.717464201858132355e+01
8.710109128676131718e+01
-3.247937444675414298e+01
-2.909708097140280358e+01
6.930780103418088345e+01
8.934368100782717192e+01
8.875234208839015082e+01
8.816689705729953630e+01
-3.858658719938114956e+01
-3.380893043907693851e+01
9.118136349305451915e+01
8.389150551339045592e+01
8.294046444587550582e+01
6.817167233731055376e+01
-3.407948188726135186e+01
-3.987197857311612381e+01
8.909677114020250599e+01
8.864152069822043245e+01
-2.916287117712497334e+01
-3.219679559676082903e+01
7.413694340311435838e+01
8.322514381244899084e+01
-2.848951758176132998e+01
-3.350286797707560993e+01
8.037121437069031060e+01
7.733241736462298377e+01
7.684756246419625825e+01
9.062181352069171680e+01
6.920256719217107388e+01
7.227588850802048626e+01
-3.394459543615634090e+01
8.259259415650289782e+01
-3.547562890177145078e+01
6.609708083019845049e+01
7.951042331106033600e+01
8.200062341507836550e+01
8.750173144593017582e+01
7.430951355590725882e+01
-2.994198832229985641e+01
8.785598149029652859e+01
-3.156101247582803637e+01
-3.070624877942367448e+01
8.055008921108283459e+01
7.305066796323910694e+01
9.286003124321985069e+01
-2.733813500516493278e+01
-2.892205384324574879e+01
8.307757627134340339e+01
8.908754342663162618e+01
8.163655105296891179e+01
8.253753414073318595e+01
9.218145402733591709e+01
-2.508612919908139105e+01
8.226781311818162123e+01
-3.258993265847118437e+01
-3.115537565251691987e+01
8.868712439519730140e+01
7.434983720201839219e+01
7.230599463227945023e+01
-2.823721843758213623e+01
7.559762910403264868e+01
7.708208436390455631e+01
-2.758610635857581173e+01
-3.719535019048418434e+01
-3.473605181821380228e+01
7.789809794666034293e+01
6.707180179622363880e+01
-2.998294410064425008e+01
8.417427168972113805e+01
7.164473947340432858e+01
8.868401430360474080e+01
8.036128877851535890e+01
-4.109756995843920180e+01
8.242508894637684591e+01
-3.691866820770867008e+01
8.487440493547467213e+01
-3.388655944491674177e+01
-3.244744669224724731e+01
8.878000672912617119e+01
8.031349119750140630e+01
-2.745265143582457057e+01
-2.975189039623803211e+01
9.128787651645649248e+01
8.196021885725976119e+01
8.016860877314759648e+01
7.512948269605632845e+01
-3.422834178914330039e+01
-2.961145671323908601e+01
-2.835009634154234703e+01
-3.553374372216148203e+01
8.191918775220526072e+01
8.404987146690099564e+01
7.177048697359015250e+01
8.069220970394390235e+01
-3.146104090040193668e+01
-3.341266642505520679e+01
9.122482692001736382e+01
-4.765199884750949411e-02
-1.772499180773564470e-02
-1.214383393101041569e-01
-6.965256528203138398e-02
-3.542906147634001385e-02
-3.024776836271317673e-02
-4.347408371299491675e-02
-1.237567250758141689e-02
-2.303504706510079228e-02
-2.708386840120582603e-02
-1.324832848843111172e-02
-1.669790836358562569e-01
-2.332708317699934975e-01
-1.194098318666743513e-01
-4.266444110106027560e-02
-2.247346348025434648e-01
-1.359001214732269425e-01
-8.936664414819329993e-02
-1.009948931342145168e-01
-1.094303517756648331e-01
-9.139203505861789867e-02
-9.497790207295817022e-02
-4.533954880766657286e-02
-3.054698451948568982e-02
-1.122512678939837777e-01
-3.336702084832361692e-02
-1.467200813418091387e-01
-1.206743390249759296e-01
-1.563817148379174071e-01
-1.407399490438262235e-01
-1.365642433834158287e-01
-6.875362767696284461e-03
-8.067932014442502631e-03
-1.256507076482523896e-02
-1.532587752241866726e-02
-1.538102238717337783e-02
-1.592758090209370897e-02
-1.524262179872452536e-02
-1.074062317402904067e-02
-1.444957274587520095e-02
-1.112663384794293497e-02
-7.063322144796954291e-03
-7.495378145181090697e-03
-8.043934372695429186e-03
-8.194675110614047658e-03
-8.263222137899237790e-03
-1.198513333130784599e-02
-2.126611070886264554e-01
-4.508376892979802930e-01
-3.911421785448886967e-01
-2.842348526016211796e-01
-1.184376547798506735e-01
-5.447166640294003742e-02
-2.792942092168087739e-02
-2.072166101118065595e-02
-2.929802159325847755e-02
-4.021753861908477362e-02
-4.056101851208721715e-02
-4.261127384591163053e-02
-3.794408300268754114e-02
-5.981600307753431878e-02
-6.013525185078603119e-01
-2.475684684996606044e-01
-4.265580767289783859e-02
-3.890248746644096173e-02
-4.356936947418170447e-02
-4.848124028539513991e-02
-4.664584027623674967e-02
-4.180247394440440856e-02
-4.812164292228544860e-02
-4.642560250263944033e-02
-4.158698218566259097e-02
-4.264842694670774592e-01
-6.975864700927626449e-01
-7.655005028176650739e-02
-4.176696276902550076e-02
-3.718474575304504814e-02
-4.023821579127186132e-02
-3.790272379049443308e-02
-3.956318743795630283e-02
-3.670150924353598326e-02
-3.236416666029515166e-02
-2.934183809337293988e-02
-4.630995719635079555e-02
-5.828997505990685113e-01
-4.766065461604114817e-01
-7.356201811437509952e-02
-3.397032272501483707e-02
-2.584323869787792313e-02
-2.421145317162056582e-02
-2.624486808767045182e-02
-2.376556153148665085e-02
-2.189059813448800129e-02
-2.280327824264869602e-02
-2.679216449041415399e-02
-6.641762366996541156e-02
-7.127024924645618542e-01
-4.211335517667689210e-01
-4.199777260115411526e-02
-1.399665979087984236e-02
-1.484472668473574286e-02
-1.349088177212002908e-02
-1.440749979925195351e-02
-8.789392633736396732e-03
-6.028555085861639525e-03
-6.028474628864011892e-03
-5.907554689530697921e-03
-4.320769015245117667e-02
-5.272211076004330588e-01
-3.255258843544989178e-01
-4.702373877538073427e-02
-3.588408710892059157e-03
-5.021003069934895126e-03
-3.059933932512703264e-03
-2.993706442005143048e-03
-4.717835366387202779e-03
-2.709027698967653858e-03
-3.491211105706733438e-03
-2.908810429006099697e-03
-1.731422390621645616e-02
-4.000511712544617682e-01
-4.002323121661316430e-01
-5.512302762253785265e-02
-5.440890762007852960e-03
-4.033056786288496259e-03
-4.375476158935555360e-03
-4.054678496170679991e-03
-2.400979577351097186e-03
-4.445370043725726736e-03
-5.348377100087056343e-03
-3.992895940975607974e-03
-8.018175832734841801e-03
-4.219142954473479312e-01
-2.678311015024124053e-01
-1.639169437336265162e-02
-3.201118059099639090e-02
-1.560856336185739539e-02
-1.292339484963494871e-02
-1.295391932308493678e-02
-1.446705825475076874e-02
-2.203139504051478473e-02
-1.836377572499117011e-02
-2.377346814119133886e-02
-7.107911492294990974e-02
-5.034872467885038727e-01
-2.149057618771156586e-01
-1.924025468592148458e-02
-2.963341380678195802e-02
-3.015727697792040460e-02
-2.426476231569342848e-02
-1.956805596304928702e-02
-4.145479259686440932e-02
-3.089730994500467648e-02
-3.949876736937471544e-02
-4.279612147616660561e-02
-6.628560794714839777e-02
-4.971549493070221981e-01
-3.432432314504745285e-01
-1.740499989637562736e-02
-5.406944347896029679e-02
-4.985682663410967441e-02
-6.334332177032184208e-02
-8.854987597927962972e-02
-9.462100691895400373e-02
-8.114425561143086274e-02
-1.152158278123148333e-01
-1.030403134812623023e-01
-3.631622885644451154e-02
-4.593064912479307704e-01
-3.885118425893374638e-01
-4.754416959924186170e-02
-1.100564763066530644e-01
-1.794872500285584482e-01
-2.544717083096447174e-01
-1.842207369873800904e-01
-1.823936165162133305e-01
-1.947411143144700263e-01
-1.599171509742431108e-01
-2.072462950593550457e-01
-8.593094162756151344e-02
-6.508822373032168151e-01
-3.764196163857942978e-01
-1.065441822991428956e-02
-1.656063162119178755e-01
-2.628223884963204471e-01
-3.362896962326478167e-01
-3.904871906149828820e-01
-2.987858977430672969e-01
-3.944568296453409006e-01
-3.229085104338315082e-01
-2.404412470222675180e-01
-2.063022498915373648e-01
-9.515256310676737384e-01
-3.596482408081131954e-01
-1.032876198521469890e-01
-7.374487185187868221e-02
-6.199049451796399129e-02
-4.275579773751349288e-03
-3.783437108540584071e-02
-3.582057500710510434e-01
-2.491493558581871770e-01
-2.414071154127574725e-01
-2.102579915894161600e-01
-6.775953121859636108e-02
-7.069225057197205953e-01
-6.849560880304659261e-01
-1.903093722834535984e-01
-1.404528218715138214e-02
-1.466919596777397083e-01
-4.675685373966347314e-01
-7.101522088928007292e-01
-6.046272901059236426e-01
-2.445323851196880560e-01
-1.432611881365575823e-01
-4.425640591863895523e-02
-3.075684121474988597e-01
-1.444008335284468147e+00
-4.336922959919638498e-01
-5.015029743071458546e-02
-5.449423900605395721e-01
-1.266540957954661817e+00
-1.025547768679440086e+00
-4.876775689747023801e-01
-1.580815291099721687e-01
